$001,-89.000,-179.000,20
$002,-83.000,-179.000,20
$003,-77.000,-179.000,20
$004,-71.000,-179.000,20
$005,-65.000,-179.000,20
$006,-59.000,-179.000,20
$007,-53.000,-179.000,20
$008,4.000,-179.000,7
$009,10.000,-179.000,7
$010,16.000,-179.000,7
$011,22.000,-179.000,7
$012,34.000,-179.000,10
$013,40.000,-179.000,10
$014,46.000,-179.000,10
$015,73.000,-179.000,10
$016,79.000,-179.000,10
$017,85.000,-179.000,10
$018,-35.000,-176.000,125
$019,-5.000,-176.000,7
$020,1.000,-173.000,7
$021,7.000,-173.000,7
$022,-50.000,-170.000,20
$023,-32.000,-170.000,125
$024,-26.000,-170.000,125
$025,-8.000,-170.000,7
$026,25.000,-170.000,10
$027,31.000,-170.000,10
$028,37.000,-170.000,10
$029,43.000,-170.000,10
$030,-62.000,-167.000,20
$031,-56.000,-167.000,20
$032,-44.000,-167.000,20
$033,-38.000,-167.000,20
$034,-2.000,-167.000,7
$035,4.000,-167.000,7
$036,10.000,-167.000,7
$037,-68.000,-164.000,20
$038,-29.000,-164.000,125
$039,-14.000,-164.000,30
$040,-8.000,-164.000,7
$041,28.000,-164.000,10
$042,10.000,-161.000,7
$043,16.000,-161.000,2651
$044,34.000,-161.000,10
$045,40.000,-161.000,10
$046,46.000,-161.000,10
$047,-74.000,-158.000,20
$048,-53.000,-158.000,20
$049,-47.000,-158.000,20
$050,-41.000,-158.000,20
$051,-35.000,-158.000,20
$052,-14.000,-158.000,30
$053,-8.000,-158.000,7
$054,-59.000,-155.000,20
$055,-29.000,-155.000,20
$056,10.000,-155.000,7
$057,28.000,-155.000,16
$058,-8.000,-152.000,7
$059,-2.000,-152.000,7
$060,34.000,-152.000,16
$061,40.000,-152.000,16
$062,46.000,-152.000,16
$063,-65.000,-149.000,20
$064,-50.000,-149.000,20
$065,-44.000,-149.000,20
$066,-38.000,-149.000,20
$067,-32.000,-149.000,20
$068,4.000,-149.000,7
$069,10.000,-149.000,7
$070,16.000,-149.000,7
$071,22.000,-149.000,7
$072,52.000,-149.000,72
$073,-8.000,-146.000,7
$074,-2.000,-146.000,7
$075,28.000,-146.000,7
$076,79.000,-146.000,10
$077,-80.000,-143.000,20
$078,-59.000,-143.000,20
$079,-29.000,-143.000,20
$080,4.000,-143.000,7
$081,10.000,-143.000,7
$082,19.000,-143.000,7
$083,34.000,-143.000,7
$084,40.000,-143.000,7
$085,46.000,-143.000,7
$086,-71.000,-140.000,20
$087,-53.000,-140.000,20
$088,-47.000,-140.000,20
$089,-41.000,-140.000,20
$090,-35.000,-140.000,20
$091,-11.000,-140.000,7
$092,-5.000,-140.000,7
$093,25.000,-140.000,7
$094,1.000,-137.000,7
$095,7.000,-137.000,7
$096,13.000,-137.000,7
$097,31.000,-137.000,7
$098,-65.000,-134.000,20
$099,-32.000,-134.000,20
$100,-26.000,-134.000,20
$101,-17.000,-134.000,7
$102,-11.000,-134.000,7
$103,-5.000,-134.000,7
$104,19.000,-134.000,7
$105,37.000,-134.000,7
$106,43.000,-134.000,7
$107,-59.000,-131.000,20
$108,-50.000,-131.000,20
$109,-44.000,-131.000,20
$110,-38.000,-131.000,20
$111,1.000,-131.000,7
$112,7.000,-131.000,7
$113,13.000,-131.000,7
$114,25.000,-131.000,7
$115,-29.000,-128.000,20
$116,-23.000,-128.000,20
$117,-14.000,-128.000,7
$118,-8.000,-128.000,7
$119,31.000,-128.000,7
$120,-2.000,-125.000,7
$121,4.000,-125.000,7
$122,10.000,-125.000,7
$123,16.000,-125.000,7
$124,22.000,-125.000,7
$125,-74.000,-122.000,20
$126,-53.000,-122.000,20
$127,-47.000,-122.000,20
$128,-41.000,-122.000,20
$129,-35.000,-122.000,20
$130,-26.000,-122.000,20
$131,-20.000,-122.000,20
$132,-14.000,-122.000,7
$133,-8.000,-122.000,7
$134,-68.000,-119.000,20
$135,-62.000,-119.000,20
$136,-2.000,-119.000,7
$137,4.000,-119.000,7
$138,10.000,-119.000,7
$139,19.000,-119.000,7
$140,25.000,-119.000,7
$141,-32.000,-116.000,20
$142,-23.000,-116.000,20
$143,-17.000,-116.000,20
$144,-11.000,-116.000,20
$145,-56.000,-113.000,20
$146,-50.000,-113.000,20
$147,-44.000,-113.000,20
$148,-38.000,-113.000,20
$149,-5.000,-113.000,7
$150,1.000,-113.000,7
$151,7.000,-113.000,7
$152,13.000,-113.000,7
$153,-20.000,-110.000,20
$154,-14.000,-110.000,20
$155,-83.000,-107.000,20
$156,-8.000,-107.000,7
$157,-2.000,-107.000,7
$158,4.000,-107.000,7
$159,10.000,-107.000,7
$160,-71.000,-104.000,20
$161,-65.000,-104.000,20
$162,-53.000,-104.000,20
$163,-47.000,-104.000,20
$164,-41.000,-104.000,20
$165,-35.000,-104.000,20
$166,-23.000,-104.000,20
$167,-17.000,-104.000,20
$168,-77.000,-101.000,20
$169,-59.000,-101.000,20
$170,-29.000,-101.000,20
$171,-11.000,-101.000,7
$172,-5.000,-101.000,7
$173,1.000,-101.000,7
$174,7.000,-101.000,7
$175,-20.000,-98.000,20
$176,-50.000,-95.000,20
$177,-44.000,-95.000,20
$178,-38.000,-95.000,20
$179,-32.000,-95.000,20
$180,-26.000,-95.000,20
$181,-14.000,-95.000,7
$182,-8.000,-95.000,7
$183,4.000,-95.000,7
$184,-68.000,-89.000,20
$185,-62.000,-89.000,20
$186,-56.000,-89.000,20
$187,-29.000,-89.000,20
$188,-23.000,-89.000,20
$189,-17.000,-89.000,20
$190,-11.000,-89.000,20
$191,-47.000,-86.000,20
$192,-41.000,-86.000,20
$193,-35.000,-86.000,20
$194,-26.000,-83.000,20
$195,-20.000,-83.000,20
$196,-14.000,-83.000,20
$197,-74.000,-80.000,20
$198,-32.000,-80.000,20
$199,-59.000,-77.000,89
$200,-23.000,-77.000,449
$201,-65.000,-74.000,89
$202,-80.000,-71.000,20
$203,25.000,-65.000,13
$204,-71.000,-62.000,20
$205,-62.000,-62.000,89
$206,28.000,-59.000,13
$207,37.000,-59.000,10
$208,-44.000,-56.000,20
$209,19.000,-56.000,59
$210,13.000,-53.000,167
$211,25.000,-53.000,13
$212,31.000,-53.000,13
$213,-65.000,-50.000,89
$214,-59.000,-50.000,89
$215,37.000,-50.000,13
$216,-53.000,-47.000,89
$217,-47.000,-47.000,89
$218,-41.000,-47.000,89
$219,10.000,-47.000,167
$220,16.000,-47.000,167
$221,22.000,-47.000,167
$222,28.000,-47.000,167
$223,-77.000,-44.000,20
$224,-71.000,-44.000,20
$225,-35.000,-44.000,89
$226,4.000,-44.000,174
$227,52.000,-44.000,0
$228,76.000,-44.000,249
$229,-29.000,-41.000,49
$230,10.000,-41.000,167
$231,19.000,-41.000,167
$232,25.000,-41.000,167
$233,31.000,-41.000,167
$234,37.000,-41.000,167
$235,43.000,-41.000,167
$236,-62.000,-38.000,89
$237,-56.000,-38.000,89
$238,-50.000,-38.000,89
$239,-44.000,-38.000,89
$240,4.000,-38.000,174
$241,-83.000,-35.000,20
$242,-38.000,-35.000,89
$243,-32.000,-35.000,49
$244,-26.000,-35.000,49
$245,10.000,-35.000,167
$246,16.000,-35.000,167
$247,22.000,-35.000,167
$248,28.000,-35.000,167
$249,49.000,-35.000,0
$250,55.000,-35.000,0
$251,-20.000,-32.000,49
$252,-14.000,-32.000,20
$253,4.000,-32.000,174
$254,88.000,-32.000,98
$255,-68.000,-29.000,20
$256,-53.000,-29.000,89
$257,-47.000,-29.000,89
$258,-29.000,-29.000,49
$259,10.000,-29.000,167
$260,19.000,-29.000,174
$261,25.000,-29.000,174
$262,31.000,-29.000,174
$263,-59.000,-26.000,89
$264,-41.000,-26.000,89
$265,-35.000,-26.000,89
$266,-23.000,-26.000,49
$267,-17.000,-26.000,49
$268,-11.000,-26.000,49
$269,-5.000,-26.000,49
$270,1.000,-26.000,49
$271,46.000,-26.000,0
$272,52.000,-26.000,0
$273,58.000,-26.000,0
$274,-74.000,-23.000,20
$275,7.000,-23.000,167
$276,-50.000,-20.000,89
$277,-32.000,-20.000,89
$278,-26.000,-20.000,89
$279,-20.000,-20.000,89
$280,-14.000,-20.000,89
$281,-5.000,-20.000,49
$282,1.000,-20.000,49
$283,-44.000,-17.000,89
$284,40.000,-17.000,371
$285,46.000,-17.000,371
$286,-65.000,-14.000,20
$287,-59.000,-14.000,20
$288,-29.000,-14.000,89
$289,-23.000,-14.000,89
$290,-17.000,-14.000,89
$291,-2.000,-14.000,269
$292,-53.000,-11.000,20
$293,-47.000,-8.000,20
$294,-32.000,-8.000,89
$295,-26.000,-8.000,89
$296,-20.000,-8.000,89
$297,-14.000,-8.000,89
$298,-8.000,-8.000,89
$299,-2.000,-8.000,269
$300,-71.000,-5.000,20
$301,-77.000,-2.000,20
$302,-62.000,-2.000,20
$303,-56.000,-2.000,20
$304,-41.000,-2.000,177
$305,-35.000,-2.000,89
$306,-29.000,-2.000,89
$307,-23.000,-2.000,89
$308,-17.000,-2.000,89
$309,-11.000,-2.000,89
$310,-5.000,-2.000,89
$311,-50.000,1.000,20
$312,-32.000,4.000,89
$313,-26.000,4.000,89
$314,-20.000,4.000,89
$315,-14.000,4.000,89
$316,-8.000,4.000,89
$317,-44.000,7.000,20
$318,-38.000,7.000,20
$319,-68.000,10.000,20
$320,-59.000,10.000,20
$321,-53.000,10.000,20
$322,-83.000,16.000,20
$323,-47.000,16.000,20
$324,-41.000,16.000,20
$325,-74.000,19.000,20
$326,-62.000,22.000,20
$327,-56.000,22.000,20
$328,-50.000,25.000,20
$329,-44.000,25.000,20
$330,-68.000,28.000,20
$331,-59.000,34.000,20
$332,-53.000,34.000,20
$333,-41.000,34.000,72
$334,-35.000,37.000,72
$335,-77.000,40.000,20
$336,-29.000,40.000,72
$337,-71.000,43.000,20
$338,-65.000,43.000,20
$339,-41.000,43.000,72
$340,82.000,43.000,26
$341,-59.000,46.000,20
$342,-53.000,46.000,20
$343,-35.000,46.000,72
$344,-5.000,46.000,46
$345,-47.000,49.000,20
$346,70.000,49.000,262
$347,-41.000,52.000,20
$348,-32.000,52.000,72
$349,1.000,52.000,10
$350,7.000,52.000,148
$351,76.000,52.000,262
$352,-68.000,58.000,20
$353,-62.000,58.000,20
$354,-56.000,58.000,20
$355,-50.000,58.000,20
$356,-35.000,58.000,72
$357,-29.000,58.000,72
$358,-14.000,58.000,180
$359,1.000,58.000,10
$360,7.000,58.000,148
$361,-74.000,61.000,20
$362,-44.000,61.000,20
$363,-8.000,61.000,13
$364,13.000,61.000,148
$365,-32.000,64.000,72
$366,-26.000,64.000,72
$367,-14.000,64.000,92
$368,-2.000,64.000,13
$369,4.000,64.000,13
$370,67.000,64.000,262
$371,-83.000,67.000,20
$372,-53.000,67.000,20
$373,-38.000,67.000,72
$374,10.000,67.000,148
$375,16.000,67.000,148
$376,-59.000,70.000,20
$377,-47.000,70.000,20
$378,-29.000,70.000,72
$379,-23.000,70.000,72
$380,-17.000,70.000,72
$381,-65.000,73.000,20
$382,73.000,73.000,262
$383,-41.000,76.000,20
$384,-35.000,76.000,20
$385,-26.000,76.000,72
$386,-20.000,76.000,72
$387,-14.000,76.000,72
$388,79.000,76.000,262
$389,-71.000,79.000,20
$390,-53.000,79.000,20
$391,-47.000,79.000,20
$392,-8.000,79.000,7
$393,-2.000,79.000,7
$394,67.000,79.000,262
$395,-77.000,82.000,20
$396,-59.000,82.000,20
$397,-32.000,82.000,20
$398,-23.000,82.000,72
$399,-17.000,82.000,72
$400,-41.000,85.000,20
$401,-11.000,85.000,7
$402,-5.000,85.000,7
$403,1.000,85.000,7
$404,-65.000,88.000,20
$405,-50.000,88.000,20
$406,-35.000,88.000,20
$407,-29.000,88.000,20
$408,-20.000,88.000,72
$409,37.000,88.000,4639
$410,-14.000,91.000,10
$411,-8.000,91.000,10
$412,-2.000,91.000,10
$413,85.000,91.000,26
$414,-59.000,94.000,20
$415,-44.000,94.000,20
$416,-32.000,94.000,20
$417,-26.000,94.000,20
$418,67.000,94.000,262
$419,73.000,94.000,262
$420,-71.000,97.000,20
$421,-53.000,97.000,20
$422,-38.000,97.000,20
$423,-20.000,97.000,20
$424,-29.000,100.000,20
$425,-65.000,103.000,20
$426,-47.000,103.000,20
$427,-23.000,103.000,20
$428,-17.000,103.000,20
$429,-59.000,106.000,20
$430,-41.000,106.000,20
$431,-35.000,106.000,20
$432,64.000,106.000,262
$433,-80.000,109.000,20
$434,-53.000,109.000,20
$435,79.000,109.000,262
$436,-47.000,112.000,20
$437,-14.000,112.000,13
$438,70.000,112.000,262
$439,-74.000,115.000,20
$440,-41.000,115.000,20
$441,-68.000,118.000,20
$442,-62.000,118.000,20
$443,-56.000,118.000,20
$444,-50.000,121.000,20
$445,-44.000,124.000,20
$446,-38.000,124.000,233
$447,-59.000,130.000,20
$448,-53.000,130.000,20
$449,16.000,130.000,118
$450,70.000,130.000,262
$451,-71.000,133.000,20
$452,-65.000,133.000,20
$453,-47.000,133.000,20
$454,-41.000,133.000,20
$455,76.000,133.000,262
$456,-77.000,136.000,20
$457,19.000,136.000,118
$458,58.000,139.000,1781
$459,-59.000,142.000,20
$460,-53.000,142.000,20
$461,4.000,142.000,10
$462,67.000,145.000,262
$463,-68.000,148.000,20
$464,1.000,148.000,7
$465,22.000,148.000,20
$466,31.000,148.000,10
$467,52.000,148.000,56
$468,-50.000,151.000,20
$469,-14.000,151.000,10
$470,37.000,151.000,10
$471,-62.000,154.000,20
$472,-2.000,154.000,7
$473,13.000,154.000,10
$474,43.000,154.000,10
$475,73.000,154.000,262
$476,-74.000,157.000,20
$477,-44.000,157.000,10
$478,-38.000,157.000,10
$479,-20.000,157.000,246
$480,19.000,157.000,20
$481,31.000,157.000,20
$482,-32.000,160.000,16
$483,-26.000,160.000,16
$484,-2.000,160.000,7
$485,13.000,160.000,10
$486,37.000,160.000,20
$487,64.000,160.000,568
$488,25.000,163.000,13
$489,43.000,163.000,20
$490,-68.000,166.000,20
$491,-59.000,166.000,20
$492,-38.000,166.000,144
$493,31.000,166.000,13
$494,49.000,166.000,128
$495,58.000,166.000,128
$496,-53.000,169.000,20
$497,37.000,169.000,13
$498,13.000,172.000,3
$499,25.000,172.000,13
$500,43.000,172.000,13
$501,-29.000,175.000,367
$502,19.000,175.000,7
$503,31.000,175.000,10
